74 96 1
77 97 1
32 90 1
63 2 1
89 77 1
74 6 1
95 40 1
27 20 1
59 64 1
30 89 1
11 56 1
2 63 1
42 14 1
18 85 1
15 1 1
21 85 1
37 85 1
82 26 1
51 96 1
57 48 1
40 60 1
12 32 1
11 40 1
68 69 1
28 82 1
44 48 1
68 41 1
3 84 1
38 46 1
39 95 1
0 2 1
32 85 1
95 88 1
60 79 1
12 97 1
97 49 1
35 50 1
10 37 1
67 51 1
35 11 1
40 90 1
87 99 1
15 62 1
37 31 1
6 93 1
90 81 1
8 68 1
57 98 1
29 53 1
83 14 1
249 216 -1
179 213 -1
169 229 -1
188 226 -1
152 169 -1
207 223 -1
164 228 -1
197 209 -1
234 208 -1
202 202 -1
193 208 -1
151 189 -1
155 168 -1
153 230 -1
157 234 -1
177 196 -1
167 161 -1
241 184 -1
232 236 -1
187 214 -1
176 209 -1
208 198 -1
211 157 -1
167 154 -1
219 161 -1
164 191 -1
174 152 -1
203 152 -1
230 186 -1
240 197 -1
226 162 -1
240 228 -1
195 178 -1
227 211 -1
201 173 -1
238 232 -1
159 218 -1
218 234 -1
186 150 -1
155 164 -1
176 176 -1
152 157 -1
227 241 -1
182 215 -1
235 221 -1
157 177 -1
246 187 -1
225 213 -1
214 214 -1
243 156 -1
58 151 -1
90 196 -1
51 179 -1
127 193 -1
84 234 -1
119 154 -1
113 241 -1
115 219 -1
70 168 -1
78 198 -1
58 240 -1
64 204 -1
104 195 -1
148 185 -1
105 168 -1
113 237 -1
131 205 -1
54 240 -1
91 194 -1
70 233 -1
58 164 -1
137 176 -1
83 156 -1
61 174 -1
98 161 -1
55 171 -1
113 217 -1
141 188 -1
132 196 -1
80 230 -1
97 208 -1
146 176 -1
54 247 -1
56 182 -1
110 174 -1
90 174 -1
62 241 -1
90 234 -1
64 157 -1
116 176 -1
76 201 -1
141 203 -1
148 179 -1
85 190 -1
101 155 -1
52 248 -1
53 189 -1
125 178 -1
62 154 -1
81 158 -1
248 145 -1
233 114 -1
235 100 -1
209 74 -1
163 69 -1
215 93 -1
177 131 -1
162 78 -1
241 136 -1
208 141 -1
209 93 -1
160 61 -1
212 142 -1
177 134 -1
183 135 -1
195 105 -1
244 113 -1
171 147 -1
211 92 -1
232 85 -1
177 101 -1
244 142 -1
235 69 -1
243 52 -1
214 122 -1
153 143 -1
161 143 -1
185 60 -1
185 144 -1
180 55 -1
157 60 -1
197 146 -1
187 148 -1
198 81 -1
196 75 -1
243 105 -1
234 134 -1
229 61 -1
196 114 -1
238 75 -1
213 119 -1
193 116 -1
193 107 -1
210 148 -1
163 80 -1
222 148 -1
163 99 -1
218 126 -1
235 145 -1
203 125 -1
